(-18, -200), 1
(-18, 100), 0
(-5, -40), 2
(-2, 29), 0
(2, 50), 1
(2, 67), 0
(4, 30), 4
(4, 35), 0
(7, 20), 1
(9, 30), 3
(9, 45), 0
(10, 400), 1
(19, 200), 2
(20, 50), 0
(-18, -200), 1
(-18, 100), 0
(-5, -40), 2
(-2, 29), 0
(2, 50), 1
(2, 67), 0
(4, 30), 4
(4, 35), 0
(7, 20), 1
(9, 30), 3
(9, 45), 0
(10, 400), 1
(19, 200), 2
(20, 50), 0
(10, 10) already exists
(0, 0), 0
(1, 1), 1
(2, 2), 0
(3, 3), 2
(4, 4), 0
(5, 5), 1
(6, 6), 0
(7, 7), 3
(8, 8), 0
(9, 9), 1
(10, 10), 0
(11, 11), 2
(12, 12), 0
(13, 13), 1
(14, 14), 0
Key 20 does not exist
Key 17 does not exist
(0, 0), 0
(1, 1), 1
(2, 2), 0
(3, 3), 2
(4, 4), 0
(5, 5), 1
(6, 6), 0
(7, 7), 3
(8, 8), 0
(9, 9), 1
(10, 10), 0
(11, 11), 2
(12, 12), 0
(13, 13), 1
(14, 14), 0
Key 16 does not exist
(0, 0), 0
(1, 1), 1
(2, 2), 0
(3, 3), 2
(4, 4), 0
(5, 5), 1
(6, 6), 0
(7, 7), 3
(8, 8), 0
(9, 9), 1
(10, 10), 0
(11, 11), 2
(12, 12), 0
(13, 13), 1
(14, 14), 0
Key 15 does not exist
(0, 0), 0
(1, 1), 1
(2, 2), 0
(3, 3), 2
(4, 4), 0
(5, 5), 1
(6, 6), 0
(7, 7), 3
(8, 8), 0
(9, 9), 1
(10, 10), 0
(11, 11), 2
(12, 12), 0
(13, 13), 1
(14, 14), 0
(0, 0), 0
(1, 1), 1
(2, 2), 0
(3, 3), 2
(4, 4), 0
(5, 5), 1
(6, 6), 0
(7, 7), 3
(8, 8), 0
(9, 9), 1
(10, 10), 0
(11, 11), 2
(12, 12), 0
(13, 13), 1
(0, 0), 0
(1, 1), 1
(2, 2), 0
(3, 3), 2
(4, 4), 0
(5, 5), 1
(6, 6), 0
(7, 7), 3
(8, 8), 0
(9, 9), 1
(10, 10), 0
(11, 11), 2
(12, 12), 0
(0, 0), 0
(1, 1), 1
(2, 2), 0
(3, 3), 2
(4, 4), 0
(5, 5), 1
(6, 6), 0
(7, 7), 3
(8, 8), 0
(9, 9), 1
(10, 10), 2
(11, 11), 0
(0, 0), 0
(1, 1), 1
(2, 2), 0
(3, 3), 2
(4, 4), 0
(5, 5), 1
(6, 6), 0
(7, 7), 3
(8, 8), 0
(9, 9), 1
(10, 10), 0
(0, 0), 0
(1, 1), 1
(2, 2), 0
(3, 3), 2
(4, 4), 0
(5, 5), 1
(6, 6), 0
(7, 7), 3
(8, 8), 0
(9, 9), 1
(0, 0), 0
(1, 1), 1
(2, 2), 0
(3, 3), 2
(4, 4), 0
(5, 5), 3
(6, 6), 0
(7, 7), 1
(8, 8), 0
(0, 0), 0
(1, 1), 1
(2, 2), 0
(3, 3), 2
(4, 4), 0
(5, 5), 3
(6, 6), 0
(7, 7), 1
(0, 0), 0
(1, 1), 1
(2, 2), 0
(3, 3), 2
(4, 4), 0
(5, 5), 1
(6, 6), 0
(0, 0), 0
(1, 1), 1
(2, 2), 0
(3, 3), 2
(4, 4), 0
(5, 5), 1
(0, 0), 0
(1, 1), 1
(2, 2), 0
(3, 3), 2
(4, 4), 0
(0, 0), 0
(1, 1), 1
(2, 2), 2
(3, 3), 0
(0, 0), 0
(1, 1), 1
(2, 2), 0
(0, 0), 0
(1, 1), 1
(0, 0), 0
(6, 10), 0
(6, 12), 1
(6, 20), 0
(6, 25), 2
(9, 25), 1
(10, 25), 0
(5, 10), 0
(6, 12), 1
(6, 20), 0
(6, 25), 2
(8, 35), 1
(10, 25), 0
(6, 12), 0
(6, 20), 2
(6, 25), 1
(10, 25), 0
(5, 10), 0
(6, 10), 1
(6, 12), 0
(6, 20), 3
(6, 25), 0
(8, 35), 2
(9, 25), 1
(10, 25), 0

